4.200000000000000400e-01 -2.479999999999999982e-01 2.110000000000000209e-01
4.200000000000000400e-01 -2.479999999999999982e-01 2.610000000000000098e-01
4.200000000000000400e-01 -2.479999999999999982e-01 3.110000000000000542e-01
4.783333333333333881e-01 -2.479999999999999982e-01 2.110000000000000209e-01
4.783333333333333881e-01 -2.479999999999999982e-01 2.610000000000000098e-01
4.783333333333333881e-01 -2.479999999999999982e-01 3.110000000000000542e-01
5.366666666666667362e-01 -2.479999999999999982e-01 2.110000000000000209e-01
5.366666666666667362e-01 -2.479999999999999982e-01 2.610000000000000098e-01
5.366666666666667362e-01 -2.479999999999999982e-01 3.110000000000000542e-01
5.949999999999999734e-01 -2.479999999999999982e-01 2.110000000000000209e-01
5.949999999999999734e-01 -2.479999999999999982e-01 2.610000000000000098e-01
5.949999999999999734e-01 -2.479999999999999982e-01 3.110000000000000542e-01
6.533333333333333215e-01 -2.479999999999999982e-01 2.110000000000000209e-01
6.533333333333333215e-01 -2.479999999999999982e-01 2.610000000000000098e-01
6.533333333333333215e-01 -2.479999999999999982e-01 3.110000000000000542e-01
7.116666666666666696e-01 -2.479999999999999982e-01 2.110000000000000209e-01
7.116666666666666696e-01 -2.479999999999999982e-01 2.610000000000000098e-01
7.116666666666666696e-01 -2.479999999999999982e-01 3.110000000000000542e-01
7.700000000000000178e-01 -2.479999999999999982e-01 2.110000000000000209e-01
7.700000000000000178e-01 -2.479999999999999982e-01 2.610000000000000098e-01
7.700000000000000178e-01 -2.479999999999999982e-01 3.110000000000000542e-01
4.200000000000000400e-01 -1.980000000000000093e-01 2.110000000000000209e-01
4.200000000000000400e-01 -1.980000000000000093e-01 2.610000000000000098e-01
4.200000000000000400e-01 -1.980000000000000093e-01 3.110000000000000542e-01
4.783333333333333881e-01 -1.980000000000000093e-01 2.110000000000000209e-01
4.783333333333333881e-01 -1.980000000000000093e-01 2.610000000000000098e-01
4.783333333333333881e-01 -1.980000000000000093e-01 3.110000000000000542e-01
5.366666666666667362e-01 -1.980000000000000093e-01 2.110000000000000209e-01
5.366666666666667362e-01 -1.980000000000000093e-01 2.610000000000000098e-01
5.366666666666667362e-01 -1.980000000000000093e-01 3.110000000000000542e-01
5.949999999999999734e-01 -1.980000000000000093e-01 2.110000000000000209e-01
5.949999999999999734e-01 -1.980000000000000093e-01 2.610000000000000098e-01
5.949999999999999734e-01 -1.980000000000000093e-01 3.110000000000000542e-01
6.533333333333333215e-01 -1.980000000000000093e-01 2.110000000000000209e-01
6.533333333333333215e-01 -1.980000000000000093e-01 2.610000000000000098e-01
6.533333333333333215e-01 -1.980000000000000093e-01 3.110000000000000542e-01
7.116666666666666696e-01 -1.980000000000000093e-01 2.110000000000000209e-01
7.116666666666666696e-01 -1.980000000000000093e-01 2.610000000000000098e-01
7.116666666666666696e-01 -1.980000000000000093e-01 3.110000000000000542e-01
7.700000000000000178e-01 -1.980000000000000093e-01 2.110000000000000209e-01
7.700000000000000178e-01 -1.980000000000000093e-01 2.610000000000000098e-01
7.700000000000000178e-01 -1.980000000000000093e-01 3.110000000000000542e-01
4.200000000000000400e-01 -1.479999999999999927e-01 2.110000000000000209e-01
4.200000000000000400e-01 -1.479999999999999927e-01 2.610000000000000098e-01
4.200000000000000400e-01 -1.479999999999999927e-01 3.110000000000000542e-01
4.783333333333333881e-01 -1.479999999999999927e-01 2.110000000000000209e-01
4.783333333333333881e-01 -1.479999999999999927e-01 2.610000000000000098e-01
4.783333333333333881e-01 -1.479999999999999927e-01 3.110000000000000542e-01
5.366666666666667362e-01 -1.479999999999999927e-01 2.110000000000000209e-01
5.366666666666667362e-01 -1.479999999999999927e-01 2.610000000000000098e-01
5.366666666666667362e-01 -1.479999999999999927e-01 3.110000000000000542e-01
5.949999999999999734e-01 -1.479999999999999927e-01 2.110000000000000209e-01
5.949999999999999734e-01 -1.479999999999999927e-01 2.610000000000000098e-01
5.949999999999999734e-01 -1.479999999999999927e-01 3.110000000000000542e-01
6.533333333333333215e-01 -1.479999999999999927e-01 2.110000000000000209e-01
6.533333333333333215e-01 -1.479999999999999927e-01 2.610000000000000098e-01
6.533333333333333215e-01 -1.479999999999999927e-01 3.110000000000000542e-01
7.116666666666666696e-01 -1.479999999999999927e-01 2.110000000000000209e-01
7.116666666666666696e-01 -1.479999999999999927e-01 2.610000000000000098e-01
7.116666666666666696e-01 -1.479999999999999927e-01 3.110000000000000542e-01
7.700000000000000178e-01 -1.479999999999999927e-01 2.110000000000000209e-01
7.700000000000000178e-01 -1.479999999999999927e-01 2.610000000000000098e-01
7.700000000000000178e-01 -1.479999999999999927e-01 3.110000000000000542e-01
4.200000000000000400e-01 -9.799999999999997602e-02 2.110000000000000209e-01
4.200000000000000400e-01 -9.799999999999997602e-02 2.610000000000000098e-01
4.200000000000000400e-01 -9.799999999999997602e-02 3.110000000000000542e-01
4.783333333333333881e-01 -9.799999999999997602e-02 2.110000000000000209e-01
4.783333333333333881e-01 -9.799999999999997602e-02 2.610000000000000098e-01
4.783333333333333881e-01 -9.799999999999997602e-02 3.110000000000000542e-01
5.366666666666667362e-01 -9.799999999999997602e-02 2.110000000000000209e-01
5.366666666666667362e-01 -9.799999999999997602e-02 2.610000000000000098e-01
5.366666666666667362e-01 -9.799999999999997602e-02 3.110000000000000542e-01
5.949999999999999734e-01 -9.799999999999997602e-02 2.110000000000000209e-01
5.949999999999999734e-01 -9.799999999999997602e-02 2.610000000000000098e-01
5.949999999999999734e-01 -9.799999999999997602e-02 3.110000000000000542e-01
6.533333333333333215e-01 -9.799999999999997602e-02 2.110000000000000209e-01
6.533333333333333215e-01 -9.799999999999997602e-02 2.610000000000000098e-01
6.533333333333333215e-01 -9.799999999999997602e-02 3.110000000000000542e-01
7.116666666666666696e-01 -9.799999999999997602e-02 2.110000000000000209e-01
7.116666666666666696e-01 -9.799999999999997602e-02 2.610000000000000098e-01
7.116666666666666696e-01 -9.799999999999997602e-02 3.110000000000000542e-01
7.700000000000000178e-01 -9.799999999999997602e-02 2.110000000000000209e-01
7.700000000000000178e-01 -9.799999999999997602e-02 2.610000000000000098e-01
7.700000000000000178e-01 -9.799999999999997602e-02 3.110000000000000542e-01
4.200000000000000400e-01 -4.799999999999998712e-02 2.110000000000000209e-01
4.200000000000000400e-01 -4.799999999999998712e-02 2.610000000000000098e-01
4.783333333333333881e-01 -4.799999999999998712e-02 2.110000000000000209e-01
4.783333333333333881e-01 -4.799999999999998712e-02 2.610000000000000098e-01
5.366666666666667362e-01 -4.799999999999998712e-02 2.110000000000000209e-01
5.366666666666667362e-01 -4.799999999999998712e-02 2.610000000000000098e-01
5.949999999999999734e-01 -4.799999999999998712e-02 2.110000000000000209e-01
5.949999999999999734e-01 -4.799999999999998712e-02 2.610000000000000098e-01
6.533333333333333215e-01 -4.799999999999998712e-02 2.110000000000000209e-01
6.533333333333333215e-01 -4.799999999999998712e-02 2.610000000000000098e-01
7.116666666666666696e-01 -4.799999999999998712e-02 2.110000000000000209e-01
7.116666666666666696e-01 -4.799999999999998712e-02 2.610000000000000098e-01
7.700000000000000178e-01 -4.799999999999998712e-02 2.110000000000000209e-01
7.700000000000000178e-01 -4.799999999999998712e-02 2.610000000000000098e-01
4.200000000000000400e-01 2.000000000000000042e-03 2.110000000000000209e-01
4.783333333333333881e-01 2.000000000000000042e-03 2.110000000000000209e-01
5.366666666666667362e-01 2.000000000000000042e-03 2.110000000000000209e-01
5.949999999999999734e-01 2.000000000000000042e-03 2.110000000000000209e-01
