9.990000000000000000e+02 2.270000000000000000e+02
9.360000000000000000e+02 2.280000000000000000e+02
9.560000000000000000e+02 1.710000000000000000e+02
8.720000000000000000e+02 2.290000000000000000e+02
8.080000000000000000e+02 2.310000000000000000e+02
7.440000000000000000e+02 2.320000000000000000e+02
7.540000000000000000e+02 1.740000000000000000e+02
6.790000000000000000e+02 2.330000000000000000e+02
6.850000000000000000e+02 1.750000000000000000e+02
6.120000000000000000e+02 2.340000000000000000e+02
6.150000000000000000e+02 1.760000000000000000e+02
1.020000000000000000e+03 2.620000000000000000e+02
1.045000000000000000e+03 2.060000000000000000e+02
9.540000000000000000e+02 2.640000000000000000e+02
9.770000000000000000e+02 2.070000000000000000e+02
8.880000000000000000e+02 2.650000000000000000e+02
9.070000000000000000e+02 2.080000000000000000e+02
8.210000000000000000e+02 2.670000000000000000e+02
8.360000000000000000e+02 2.090000000000000000e+02
7.650000000000000000e+02 2.100000000000000000e+02
6.860000000000000000e+02 2.700000000000000000e+02
6.930000000000000000e+02 2.110000000000000000e+02
6.170000000000000000e+02 2.710000000000000000e+02
6.190000000000000000e+02 2.120000000000000000e+02
1.042000000000000000e+03 3.010000000000000000e+02
1.071000000000000000e+03 2.440000000000000000e+02
9.740000000000000000e+02 3.020000000000000000e+02
9.050000000000000000e+02 3.040000000000000000e+02
9.260000000000000000e+02 2.470000000000000000e+02
8.350000000000000000e+02 3.060000000000000000e+02
8.520000000000000000e+02 2.480000000000000000e+02
7.650000000000000000e+02 3.080000000000000000e+02
7.770000000000000000e+02 2.500000000000000000e+02
7.020000000000000000e+02 2.510000000000000000e+02
6.220000000000000000e+02 3.110000000000000000e+02
