7.200824621038839912e-02 -1.815713959401109301e-01 8.660000411327928305e-01
1.384437053678703455e-01 -1.909824141487885540e-01 7.960000378079712391e-01
7.807810983756757750e-02 -1.481881372585436840e-01 8.310000394703820348e-01
2.137392372971598162e-02 -1.464038148322975852e-01 8.260000392328947783e-01
-3.460725451026818583e-02 -1.444541362955621411e-01 8.200000389479100704e-01
2.572377774571789621e-01 -1.595661368405190961e-01 7.730000367155298591e-01
1.960237607246662628e-01 -1.173057526140003914e-01 8.100000384729355574e-01
1.393133266327438724e-01 -1.142709986112363518e-01 8.010000380454584956e-01
1.430471390095280904e-01 -1.554441458776546769e-01 7.610000361455604434e-01
8.307723502222286172e-02 -1.122726828298897805e-01 7.930000376654788852e-01
8.690836406450389018e-02 -1.536057788436219762e-01 7.520000357180833817e-01
2.727202438613935548e-02 -1.118479438027905892e-01 7.900000375229865313e-01
3.059002579837183378e-02 -1.515739635321588230e-01 7.460000354330986738e-01
-2.885179848029199509e-02 -1.093038543963151116e-01 7.840000372380018234e-01
-2.580641345587287791e-02 -1.513707812754133131e-01 7.450000353856012225e-01
3.142733665917523678e-01 -8.557929546443615587e-02 7.840000372380018234e-01
3.191429327745667344e-01 -1.262412493828780347e-01 7.440000353381037712e-01
2.587243268642545613e-01 -8.429968371794915871e-02 7.800000370480120182e-01
2.623383060091829533e-01 -1.252231747910806381e-01 7.380000350531190634e-01
2.020514203829305022e-01 -8.302871794774929759e-02 7.760000368580222130e-01
2.051132508865772530e-01 -1.235825917206080371e-01 7.330000348156318069e-01
1.455709859503812043e-01 -8.072239288916983890e-02 7.700000365730375051e-01
1.482362801325068646e-01 -1.208331585633152655e-01 7.260000344831496477e-01
8.877085864637458690e-02 -7.895643590654183308e-02 7.610000361455604434e-01
9.164135670800249711e-02 -1.188910434418330581e-01 7.190000341506674886e-01
3.276350915717776702e-02 -7.710835484717219745e-02 7.590000360505655408e-01
3.622205287928501050e-02 -1.172926095057602036e-01 7.140000339131802320e-01
-2.361096348099912812e-02 -7.558448882857980722e-02 7.520000357180833817e-01
-2.075775567712239561e-02 -1.158681776564638166e-01 7.100000337231904268e-01
3.213760872569782490e-01 -5.127092457613827842e-02 7.530000357655808330e-01
3.245070787916297106e-01 -9.208093539650318016e-02 7.100000337231904268e-01
2.635697651487822757e-01 -4.998806514654956235e-02 7.460000354330986738e-01
2.673684749577798780e-01 -9.067055144467536798e-02 7.050000334857031703e-01
2.065511124780812224e-01 -4.805135738824283659e-02 7.410000351956114173e-01
2.101036130110640054e-01 -8.813510438649098389e-02 6.970000331057235599e-01
1.500739199688602699e-01 -4.607357942857422811e-02 7.350000349106267095e-01
1.530374710971936503e-01 -8.662961288150673733e-02 6.910000328207388520e-01
9.396078558223043553e-02 -4.424278669378283596e-02 7.310000347206369042e-01
9.693093848851350169e-02 -8.439677862136787945e-02 6.850000325357541442e-01
3.751174870750160345e-02 -4.303666030374238977e-02 7.240000343881547451e-01
4.135254455412119140e-02 -8.353434067272884345e-02 6.840000324882566929e-01
-1.863795057991003007e-02 -4.107076874747057210e-02 7.170000340556725860e-01
-1.544889925358075566e-02 -8.218988229009038804e-02 6.790000322507694364e-01
